# mmax= 5
# m-states: all states (FBR)
# Nr. of sites: 10

0.0  5.000000000000004 0.05833333333333357 
0.1  4.216795472494377 0.034265983436959746 
0.2  3.5970235857750352 0.020998479100627465 
0.3  3.075261329963724 0.007356143814256755 
0.4  2.596930580596896 -0.01068882855249731 
0.5  2.109739822128681 -0.041891813852320325 
0.6  1.6416308068391585 -0.0852309722227167 
0.7  1.30879897443492 -0.11863495191082496 
0.8  1.095580684696721 -0.14150956707072582 
0.9  0.9484051334406653 -0.15926680484948919 
1.0  0.8390331227312205 -0.1738122128970392 
