# mmax= 5
# m-states: all states (FBR)
# Nr. of sites: 10

0.0  5.0000000000000036 0.058333333333333015 
0.1  5.458928886486691 0.05934118580063119 
0.2  5.911068468704102 0.06886029633333846 
0.3  6.291903694155701 0.07702213722828988 
0.4  6.492649740167835 0.0808121905735747 
0.5  6.316358276606313 0.07464320013906989 
0.6  5.775302511474947 0.06175771787308104 
0.7  5.262154854308704 0.054684484237913944 
0.8  4.906757204809239 0.05173918414195744 
0.9  4.645757792985858 0.04954211079576665 
1.0  4.4365022555314475 0.047539462681956524 
