0.0  1.0 
0.01  0.9999687457048798 2.5005309220715712e-5 6.248985900494813e-6 
0.02  0.9998749312074724 0.00010008501706437696 2.4983775463353793e-5 
0.03  0.9997184012196183 0.00022543092227950436 5.616785810259339e-5 
0.04  0.9994988957001476 0.00040136407854450215 9.974022130922339e-5 
0.05  0.999216047749357 0.0006283372517278612 0.00015561499891531395 
0.06  0.9988693803802604 0.0009069376867073377 0.00022368193303329582 
0.07  0.9984583115698447 0.0012378861733913578 0.0003038022567637477 
0.08  0.997981588523537 0.0016224385077905363 0.0003959092807993134 6.368787078031135e-8 
0.09  0.9974391181099176 0.0020610968051572986 0.0004996825909806395 1.0249394540719043e-7 
0.1  0.9968287565255508 0.0025556611517971845 0.0006153257345297677 1.5695022634200028e-7 9.963789681555519e-8 
0.11  0.996150651604223 0.003106918277416946 0.0007420521754352295 2.3130572878015068e-7 1.4663719507214054e-7 
0.12  0.9954029329012603 0.003716689145140286 0.0008798392490423335 3.298691986574086e-7 2.0883535909316837e-7 
0.13  0.9945841179094171 0.0043867329615669024 0.0010284026979282396 4.5750909966402167e-7 2.88921988421118e-7 
0.14  0.9936925327131504 0.005119026490241874 0.0011874296455758808 6.20176092600503e-7 3.909749398660648e-7 
0.15  0.9927232776986022 0.005918589498600806 0.0013565795034950162 8.280442197431278e-7 5.17636456736124e-7 2.0761862601624638e-7 
0.16  0.9916786799522762 0.006783779285982962 0.0015354698459807779 1.0828821964986657e-6 6.747316105488805e-7 3.1330195187884524e-7 
0.17  0.9905544810815661 0.007719094677422339 0.0017237020152679578 1.3952943666929847e-6 8.663425342757197e-7 4.605888424410069e-7 
0.18  0.9893478042149739 0.00872782671077061 0.001920832556048816 1.7745853193587173e-6 1.0977758503906382e-6 6.6415703490246e-7 
0.19  0.9880555201441071 0.009813546398412854 0.0021263858877654984 2.2312949043609337e-6 1.3748664131027322e-6 9.414083942589492e-7 
0.2  0.9866740912530492 0.010980263411252373 0.0023398495524397083 2.777221559128949e-6 1.7041825219421068e-6 1.3143791782336048e-6 
0.21  0.985199570787699 0.012232428935333418 0.0025606712872519805 3.4256859104851123e-6 2.0929920616448424e-6 1.8103117417199392e-6 
0.22  0.9836275092732891 0.013575028014453278 0.0027882583507885484 4.191836867720164e-6 2.549436112235064e-6 2.4630884864071795e-6 
0.23  0.9819528990128984 0.01501363607403862 0.003021974758552871 5.092887468455027e-6 3.3144858712162385e-6 3.082781169177112e-6 
0.24  0.980170091549488 0.016554501535096126 0.0032611393090548955 6.1485028148383686e-6 4.415779851366334e-6 3.7033236966126057e-6 
0.25  0.9782727245739845 0.018204619651151246 0.0035050225293804574 7.38081858946707e-6 5.829516851137677e-6 4.4229100418843066e-6 
0.26  0.9762509535383733 0.01997409826630783 0.003752851697743682 8.867249941961935e-6 7.913783921673544e-6 5.25610970927968e-6 5.935400212404521e-8 
0.27  0.9741012051334611 0.021868009282453898 0.004003816144031908 1.0491766850187508e-5 1.0159975681571816e-5 6.249307034636614e-6 6.839048691017356e-8 
0.28  0.9718069112717431 0.02390227191630015 0.004257003415392445 1.3695153067552641e-5 1.2529730120681634e-5 7.3761586414014885e-6 1.1689820752275826e-7 9.545652853289511e-8 
0.0  1.0 
0.1  0.9968287561956706 0.0025556619838060604 0.0006153259199071942 1.5669401842413203e-7 9.92065968516972e-8 
0.2  0.9866741131527261 0.010980243097470598 0.0023398503304907087 2.7774869711450213e-6 1.7041159565009632e-6 1.3118163849821714e-6 
0.3  0.9667621709976288 0.02842102504524413 0.004766155118238939 2.261604977117015e-5 1.747207885308019e-5 1.0167438279336193e-5 2.1713520692220754e-7 1.7613677767774655e-7 
0.4  0.927622035407301 0.06497469054511568 0.007058794206832947 0.00020418667070262544 8.627941711816663e-5 4.835319382054002e-5 2.9035229237826437e-6 2.195039402165625e-6 3.684670997185359e-7 1.935296820114979e-7 
0.5  0.8421657685157358 0.14854124028393348 0.007791671553938486 0.0008333393347360849 0.0003912790177678625 0.0002525745168134345 1.2253027157981284e-5 8.654903222819719e-6 1.6558544973578734e-6 1.1948808129929228e-6 1.9371722484743754e-7 1.7439416140156272e-7 
0.6  0.7043927280048004 0.28634282550143586 0.006332173136686863 0.0011132460155298827 0.0008990234813829545 0.0008814737165256887 1.674945588056079e-5 1.2114528276616672e-5 5.348740704824213e-6 3.656634870726274e-6 3.0268848162853637e-7 2.054224442391611e-7 8.713944544425455e-8 6.553353315112665e-8 
0.7  0.5970532187962617 0.39490102956199435 0.004669013526308057 0.0016663865476548457 0.0008799855921100582 0.0007930915953531344 1.2296187128600957e-5 1.0766550866003656e-5 7.4827428143906e-6 6.270008475671008e-6 2.2121072884221452e-7 9.153619934274976e-8 9.070765437014402e-8 5.5436448506708514e-8 
0.8  0.5440023315451955 0.448861458479379 0.003746470628914692 0.0021624974072552822 0.0006587910276427982 0.0005377834214370153 9.044152936785239e-6 7.602445094207016e-6 7.3357800598402185e-6 6.40277120596599e-6 1.5652527888506344e-7 9.027049856619972e-8 3.5545101021291094e-8 
0.9  0.5200329882341769 0.47334614615129167 0.003284087504899225 0.0024254216079885654 0.00048623158531120857 0.00040052386107638724 7.822850823276074e-6 7.3661527297944515e-6 4.6775585553645e-6 4.5177226643639e-6 1.2660834878793399e-7 9.016213540675107e-8 
1.0  0.5088634268492123 0.48482033657922197 0.003039497326586411 0.00255678467507146 0.00037682780046403115 0.0003229554688624459 6.967026987933584e-6 6.953749102414742e-6 3.0479958353413857e-6 3.005082952273915e-6 1.0880701519920486e-7 8.86386870291177e-8 
0.0  1.0 
0.1  0.9968287561956706 0.0025556619838060604 0.0006153259199071942 1.5669401842413203e-7 9.92065968516972e-8 
0.2  0.9866741131527261 0.010980243097470598 0.0023398503304907087 2.7774869711450213e-6 1.7041159565009632e-6 1.3118163849821714e-6 
0.3  0.9667621709976288 0.02842102504524413 0.004766155118238939 2.261604977117015e-5 1.747207885308019e-5 1.0167438279336193e-5 2.1713520692220754e-7 1.7613677767774655e-7 
0.4  0.927622035407301 0.06497469054511568 0.007058794206832947 0.00020418667070262544 8.627941711816663e-5 4.835319382054002e-5 2.9035229237826437e-6 2.195039402165625e-6 3.684670997185359e-7 1.935296820114979e-7 
0.5  0.8421657685157358 0.14854124028393348 0.007791671553938486 0.0008333393347360849 0.0003912790177678625 0.0002525745168134345 1.2253027157981284e-5 8.654903222819719e-6 1.6558544973578734e-6 1.1948808129929228e-6 1.9371722484743754e-7 1.7439416140156272e-7 
0.6  0.7043927280048004 0.28634282550143586 0.006332173136686863 0.0011132460155298827 0.0008990234813829545 0.0008814737165256887 1.674945588056079e-5 1.2114528276616672e-5 5.348740704824213e-6 3.656634870726274e-6 3.0268848162853637e-7 2.054224442391611e-7 8.713944544425455e-8 6.553353315112665e-8 
0.7  0.5970532187962617 0.39490102956199435 0.004669013526308057 0.0016663865476548457 0.0008799855921100582 0.0007930915953531344 1.2296187128600957e-5 1.0766550866003656e-5 7.4827428143906e-6 6.270008475671008e-6 2.2121072884221452e-7 9.153619934274976e-8 9.070765437014402e-8 5.5436448506708514e-8 
0.8  0.5440023315451955 0.448861458479379 0.003746470628914692 0.0021624974072552822 0.0006587910276427982 0.0005377834214370153 9.044152936785239e-6 7.602445094207016e-6 7.3357800598402185e-6 6.40277120596599e-6 1.5652527888506344e-7 9.027049856619972e-8 3.5545101021291094e-8 
0.9  0.5200329882341769 0.47334614615129167 0.003284087504899225 0.0024254216079885654 0.00048623158531120857 0.00040052386107638724 7.822850823276074e-6 7.3661527297944515e-6 4.6775585553645e-6 4.5177226643639e-6 1.2660834878793399e-7 9.016213540675107e-8 
1.0  0.5088634268492123 0.48482033657922197 0.003039497326586411 0.00255678467507146 0.00037682780046403115 0.0003229554688624459 6.967026987933584e-6 6.953749102414742e-6 3.0479958353413857e-6 3.005082952273915e-6 1.0880701519920486e-7 8.86386870291177e-8 
0.0  1.0 
0.1  0.9968287561956706 0.0025556619838060604 0.0006153259199071942 1.5669401842413203e-7 9.92065968516972e-8 
0.2  0.9866741131527261 0.010980243097470598 0.0023398503304907087 2.7774869711450213e-6 1.7041159565009632e-6 1.3118163849821714e-6 
0.3  0.9667621709976288 0.02842102504524413 0.004766155118238939 2.261604977117015e-5 1.747207885308019e-5 1.0167438279336193e-5 2.1713520692220754e-7 1.7613677767774655e-7 
0.4  0.927622035407301 0.06497469054511568 0.007058794206832947 0.00020418667070262544 8.627941711816663e-5 4.835319382054002e-5 2.9035229237826437e-6 2.195039402165625e-6 3.684670997185359e-7 1.935296820114979e-7 
0.5  0.8421657685157358 0.14854124028393348 0.007791671553938486 0.0008333393347360849 0.0003912790177678625 0.0002525745168134345 1.2253027157981284e-5 8.654903222819719e-6 1.6558544973578734e-6 1.1948808129929228e-6 1.9371722484743754e-7 1.7439416140156272e-7 
0.6  0.7043927280048004 0.28634282550143586 0.006332173136686863 0.0011132460155298827 0.0008990234813829545 0.0008814737165256887 1.674945588056079e-5 1.2114528276616672e-5 5.348740704824213e-6 3.656634870726274e-6 3.0268848162853637e-7 2.054224442391611e-7 8.713944544425455e-8 6.553353315112665e-8 
0.7  0.5970532187962617 0.39490102956199435 0.004669013526308057 0.0016663865476548457 0.0008799855921100582 0.0007930915953531344 1.2296187128600957e-5 1.0766550866003656e-5 7.4827428143906e-6 6.270008475671008e-6 2.2121072884221452e-7 9.153619934274976e-8 9.070765437014402e-8 5.5436448506708514e-8 
0.8  0.5440023315451955 0.448861458479379 0.003746470628914692 0.0021624974072552822 0.0006587910276427982 0.0005377834214370153 9.044152936785239e-6 7.602445094207016e-6 7.3357800598402185e-6 6.40277120596599e-6 1.5652527888506344e-7 9.027049856619972e-8 3.5545101021291094e-8 
0.9  0.5200329882341769 0.47334614615129167 0.003284087504899225 0.0024254216079885654 0.00048623158531120857 0.00040052386107638724 7.822850823276074e-6 7.3661527297944515e-6 4.6775585553645e-6 4.5177226643639e-6 1.2660834878793399e-7 9.016213540675107e-8 
1.0  0.5088634268492123 0.48482033657922197 0.003039497326586411 0.00255678467507146 0.00037682780046403115 0.0003229554688624459 6.967026987933584e-6 6.953749102414742e-6 3.0479958353413857e-6 3.005082952273915e-6 1.0880701519920486e-7 8.86386870291177e-8 
